1 24160.6632845730861 2970.04506503809631 559760.8154340296
10 22749.42426259462810 2902.09722695036710 538814.2294547457
20 22744.48311778855720 2883.58816267546420 538814.2294547457
30 22420.94434281084630 2865.76978023739830 538814.2294547457
40 22420.94434281084640 2726.135126743619440 538814.2294547457
50 21695.234307532650 2726.135126743619450 538814.2294547457
60 21695.234307532660 2726.135126743619460 532847.2731740248
70 21695.234307532670 2726.135126743619470 532847.2731740248
80 21695.234307532680 2679.54025580281380 532847.2731740248
90 21695.234307532690 2679.54025580281390 532847.2731740248
100 21695.2343075326100 2679.540255802813100 520313.5063664525
