1 2007.2870288013676
2 1852.6546423476595
3 1852.6546423476595
4 1852.6546423476595
5 1852.6546423476595
6 1852.6546423476595
7 1852.6546423476595
8 1852.6546423476595
9 1852.6546423476595
10 1852.6546423476595
11 1852.6546423476595
12 1852.6546423476595
13 1807.4496943697586
14 1807.4496943697586
15 1807.4496943697586
16 1807.4496943697586
17 1807.4496943697586
18 1807.4496943697586
19 1807.4496943697586
20 1807.4496943697586
21 1807.4496943697586
22 1807.4496943697586
23 1807.4496943697586
24 1807.4496943697586
25 1807.4496943697586
26 1807.4496943697586
27 1807.4496943697586
28 1807.4496943697586
29 1807.4496943697586
30 1807.4496943697586
31 1807.4496943697586
32 1807.4496943697586
33 1807.4496943697586
34 1807.4496943697586
35 1807.4496943697586
36 1807.4496943697586
37 1734.0913005309856
38 1734.0913005309856
39 1734.0913005309856
40 1734.0913005309856
41 1734.0913005309856
42 1734.0913005309856
43 1734.0913005309856
44 1734.0913005309856
45 1734.0913005309856
46 1734.0913005309856
47 1734.0913005309856
48 1734.0913005309856
49 1734.0913005309856
50 1734.0913005309856
51 1734.0913005309856
52 1734.0913005309856
53 1734.0913005309856
54 1734.0913005309856
55 1734.0913005309856
56 1734.0913005309856
57 1734.0913005309856
58 1734.0913005309856
59 1734.0913005309856
60 1734.0913005309856
61 1734.0913005309856
62 1734.0913005309856
63 1734.0913005309856
64 1734.0913005309856
65 1734.0913005309856
66 1734.0913005309856
67 1734.0913005309856
68 1734.0913005309856
69 1734.0913005309856
70 1734.0913005309856
71 1734.0913005309856
72 1734.0913005309856
73 1734.0913005309856
74 1734.0913005309856
75 1734.0913005309856
76 1734.0913005309856
77 1734.0913005309856
78 1734.0913005309856
79 1734.0913005309856
80 1734.0913005309856
81 1734.0913005309856
82 1734.0913005309856
83 1734.0913005309856
84 1734.0913005309856
85 1734.0913005309856
86 1734.0913005309856
87 1734.0913005309856
88 1734.0913005309856
89 1734.0913005309856
90 1734.0913005309856
91 1734.0913005309856
92 1734.0913005309856
93 1734.0913005309856
94 1734.0913005309856
95 1734.0913005309856
96 1734.0913005309856
97 1734.0913005309856
98 1734.0913005309856
99 1734.0913005309856
100 1734.0913005309856
