1 6045721.431174832 187656.08784049735
2 5830829.19375232 185475.0474674086
3 5830829.19375232 177031.1082618117
4 5830829.19375232 177031.1082618117
5 5830829.19375232 177031.1082618117
6 5830829.19375232 177031.1082618117
7 5830829.19375232 177031.1082618117
8 5830829.19375232 177031.1082618117
9 5830829.19375232 177031.1082618117
10 5830829.19375232 177031.1082618117
11 5830829.19375232 177031.1082618117
12 5830829.19375232 177031.1082618117
13 5830829.19375232 177031.1082618117
14 5830829.19375232 177031.1082618117
15 5830829.19375232 177031.1082618117
16 5830829.19375232 177031.1082618117
17 5830829.19375232 177031.1082618117
18 5830829.19375232 177031.1082618117
19 5830829.19375232 177031.1082618117
20 5830829.19375232 177031.1082618117
21 5830829.19375232 177031.1082618117
22 5830829.19375232 177031.1082618117
23 5830829.19375232 177031.1082618117
24 5830829.19375232 177031.1082618117
25 5830829.19375232 177031.1082618117
26 5830829.19375232 169307.27657614453
27 5830829.19375232 169307.27657614453
28 5830829.19375232 169307.27657614453
29 5830829.19375232 169307.27657614453
30 5830829.19375232 169307.27657614453
31 5830829.19375232 169307.27657614453
32 5830829.19375232 169307.27657614453
33 5830829.19375232 169307.27657614453
34 5830829.19375232 169307.27657614453
35 5830829.19375232 169307.27657614453
36 5830829.19375232 169307.27657614453
37 5830829.19375232 169307.27657614453
38 5830829.19375232 169307.27657614453
39 5830829.19375232 169307.27657614453
40 5830829.19375232 169307.27657614453
41 5830829.19375232 169307.27657614453
42 5830829.19375232 169307.27657614453
43 5830829.19375232 169307.27657614453
44 5830829.19375232 169307.27657614453
45 5830829.19375232 169307.27657614453
46 5830829.19375232 169307.27657614453
47 5830829.19375232 169307.27657614453
48 5830829.19375232 169307.27657614453
49 5830829.19375232 169307.27657614453
50 5830829.19375232 169307.27657614453
51 5830829.19375232 169307.27657614453
52 5830829.19375232 169307.27657614453
53 5830829.19375232 169307.27657614453
54 5830829.19375232 169307.27657614453
55 5830829.19375232 169307.27657614453
56 5830829.19375232 169307.27657614453
57 5830829.19375232 169307.27657614453
58 5830829.19375232 169307.27657614453
59 5830829.19375232 169307.27657614453
60 5830829.19375232 169307.27657614453
61 5830829.19375232 169307.27657614453
62 5830829.19375232 169307.27657614453
63 5830829.19375232 169307.27657614453
64 5830829.19375232 169307.27657614453
65 5830829.19375232 169307.27657614453
66 5830829.19375232 169307.27657614453
67 5830829.19375232 169307.27657614453
68 5830829.19375232 169307.27657614453
69 5830829.19375232 169307.27657614453
70 5830829.19375232 169307.27657614453
71 5830829.19375232 169307.27657614453
72 5830829.19375232 169307.27657614453
73 5824661.122539781 169307.27657614453
74 5824661.122539781 169307.27657614453
75 5824661.122539781 169307.27657614453
76 5824661.122539781 169307.27657614453
77 5824661.122539781 169307.27657614453
78 5824661.122539781 169307.27657614453
79 5824661.122539781 169307.27657614453
80 5824661.122539781 169307.27657614453
81 5824661.122539781 169307.27657614453
82 5824661.122539781 169307.27657614453
83 5824661.122539781 169307.27657614453
84 5824661.122539781 169307.27657614453
85 5824661.122539781 169307.27657614453
86 5824661.122539781 169307.27657614453
87 5824661.122539781 169307.27657614453
88 5824661.122539781 169307.27657614453
89 5824661.122539781 169307.27657614453
90 5824661.122539781 169307.27657614453
91 5824661.122539781 169307.27657614453
92 5824661.122539781 169307.27657614453
93 5824661.122539781 169307.27657614453
94 5824661.122539781 169307.27657614453
95 5824661.122539781 169307.27657614453
96 5824661.122539781 169307.27657614453
97 5824661.122539781 169307.27657614453
98 5824661.122539781 169307.27657614453
99 5824661.122539781 169307.27657614453
100 5824661.122539781 169307.27657614453
