1 15101.971713133422
2 14944.532332332708
3 14944.532332332708
4 14447.260462943954
5 14447.260462943954
6 14447.260462943954
7 14447.260462943954
8 14447.260462943954
9 14447.260462943954
10 14447.260462943954
11 14447.260462943954
12 14265.349961121108
13 14265.349961121108
14 14265.349961121108
15 14265.349961121108
16 14265.349961121108
17 14265.349961121108
18 14265.349961121108
19 14265.349961121108
20 14265.349961121108
21 13395.75864770306
22 13395.75864770306
23 13395.75864770306
24 13395.75864770306
25 13395.75864770306
26 13395.75864770306
27 13395.75864770306
28 13395.75864770306
29 13395.75864770306
30 13395.75864770306
31 13395.75864770306
32 13149.760804647241
33 13149.760804647241
34 13149.760804647241
35 13149.760804647241
36 13149.760804647241
37 13149.760804647241
38 13149.760804647241
39 13149.760804647241
40 13149.760804647241
41 13149.760804647241
42 13149.760804647241
43 13149.760804647241
44 13149.760804647241
45 13149.760804647241
46 13149.760804647241
47 13149.760804647241
48 13149.760804647241
49 13149.760804647241
50 13149.760804647241
51 12696.503764379411
52 12696.503764379411
53 12696.503764379411
54 12696.503764379411
55 12696.503764379411
56 12696.503764379411
57 12696.503764379411
58 12696.503764379411
59 12696.503764379411
60 12696.503764379411
61 12696.503764379411
62 12696.503764379411
63 12696.503764379411
64 12696.503764379411
65 12696.503764379411
66 12696.503764379411
67 12696.503764379411
68 12696.503764379411
69 12696.503764379411
70 12696.503764379411
71 12696.503764379411
72 12696.503764379411
73 12696.503764379411
74 12696.503764379411
75 12696.503764379411
76 12696.503764379411
77 12696.503764379411
78 12696.503764379411
79 12696.503764379411
80 12696.503764379411
81 12696.503764379411
82 12696.503764379411
83 12696.503764379411
84 12696.503764379411
85 12696.503764379411
86 12696.503764379411
87 12696.503764379411
88 12696.503764379411
89 12696.503764379411
90 12696.503764379411
91 12696.503764379411
92 12696.503764379411
93 12696.503764379411
94 12696.503764379411
95 12696.503764379411
96 12696.503764379411
97 12696.503764379411
98 12696.503764379411
99 12696.503764379411
100 12696.503764379411
