1 394482.18681032036
2 394482.18681032036
3 394482.18681032036
4 390421.6711247459
5 390421.6711247459
6 390421.6711247459
7 390421.6711247459
8 390421.6711247459
9 390421.6711247459
10 390421.6711247459
11 390421.6711247459
12 390421.6711247459
13 390421.6711247459
14 390421.6711247459
15 390406.371097645
16 389172.37349438947
17 389172.37349438947
18 389172.37349438947
19 389172.37349438947
20 383165.629452
21 382033.1407387562
22 382033.1407387562
23 382033.1407387562
24 380473.9519786356
25 380473.9519786356
26 380473.9519786356
27 380473.9519786356
28 380473.9519786356
29 380473.9519786356
30 380473.9519786356
31 380473.9519786356
32 380473.9519786356
33 380473.9519786356
34 380473.9519786356
35 380473.9519786356
36 380473.9519786356
37 380473.9519786356
38 380473.9519786356
39 380473.9519786356
40 380473.9519786356
41 380473.9519786356
42 380473.9519786356
43 380473.9519786356
44 380473.9519786356
45 380473.9519786356
46 380473.9519786356
47 380473.9519786356
48 380473.9519786356
49 380473.9519786356
50 380473.9519786356
51 380473.9519786356
52 380473.9519786356
53 380473.9519786356
54 380473.9519786356
55 380473.9519786356
56 380473.9519786356
57 380473.9519786356
58 380473.9519786356
59 380473.9519786356
60 380473.9519786356
61 380473.9519786356
62 380473.9519786356
63 380473.9519786356
64 380473.9519786356
65 380473.9519786356
66 380473.9519786356
67 380473.9519786356
68 380473.9519786356
69 380473.9519786356
70 380473.9519786356
71 380473.9519786356
72 380473.9519786356
73 380473.9519786356
74 380473.9519786356
75 379652.9592874837
76 379652.9592874837
77 379652.9592874837
78 379652.9592874837
79 379652.9592874837
80 379652.9592874837
81 379652.9592874837
82 379652.9592874837
83 379652.9592874837
84 379652.9592874837
85 379652.9592874837
86 379652.9592874837
87 379652.9592874837
88 379652.9592874837
89 379652.9592874837
90 379652.9592874837
91 379652.9592874837
92 379652.9592874837
93 379652.9592874837
94 379652.9592874837
95 379652.9592874837
96 379652.9592874837
97 379652.9592874837
98 379652.9592874837
99 379652.9592874837
100 379652.9592874837
