1 430137.2149954321
2 430137.2149954321
3 430137.2149954321
4 430137.2149954321
5 428711.6340011807
6 428711.6340011807
7 428711.6340011807
8 412014.9891831802
9 412014.9891831802
10 412014.9891831802
11 412014.9891831802
12 412014.9891831802
13 412014.9891831802
14 412014.9891831802
15 412014.9891831802
16 403551.7714947884
17 403551.7714947884
18 403551.7714947884
19 403551.7714947884
20 397750.7684073372
21 397750.7684073372
22 397750.7684073372
23 397750.7684073372
24 397750.7684073372
25 397750.7684073372
26 397750.7684073372
27 397750.7684073372
28 397750.7684073372
29 397750.7684073372
30 397750.7684073372
31 397750.7684073372
32 397750.7684073372
33 397750.7684073372
34 397750.7684073372
35 397750.7684073372
36 387178.3939543789
37 387178.3939543789
38 387178.3939543789
39 387178.3939543789
40 387178.3939543789
41 387178.3939543789
42 387178.3939543789
43 387178.3939543789
44 387178.3939543789
45 387178.3939543789
46 387178.3939543789
47 387178.3939543789
48 387178.3939543789
49 387178.3939543789
50 387178.3939543789
51 387178.3939543789
52 387178.3939543789
53 387178.3939543789
54 387178.3939543789
55 387178.3939543789
56 387178.3939543789
57 387178.3939543789
58 387178.3939543789
59 387178.3939543789
60 387178.3939543789
61 387178.3939543789
62 387178.3939543789
63 387178.3939543789
64 387178.3939543789
65 387178.3939543789
66 387178.3939543789
67 387178.3939543789
68 387178.3939543789
69 387178.3939543789
70 387178.3939543789
71 387178.3939543789
72 387178.3939543789
73 387178.3939543789
74 387178.3939543789
75 387178.3939543789
76 387178.3939543789
77 387178.3939543789
78 387178.3939543789
79 387178.3939543789
80 387178.3939543789
81 387178.3939543789
82 387178.3939543789
83 387178.3939543789
84 387178.3939543789
85 387178.3939543789
86 387178.3939543789
87 387178.3939543789
88 387178.3939543789
89 387178.3939543789
90 387178.3939543789
91 387178.3939543789
92 387178.3939543789
93 387178.3939543789
94 387178.3939543789
95 387178.3939543789
96 387178.3939543789
97 387178.3939543789
98 387178.3939543789
99 387178.3939543789
100 387178.3939543789
