1 5852749.55575098
2 5808839.900388431
3 5796583.657627391
4 5746270.625471348
5 5690806.512801159
6 5690806.512801159
7 5615598.467350487
8 5615598.467350487
9 5615598.467350487
10 5615598.467350487
11 5615598.467350487
12 5615598.467350487
13 5615598.467350487
14 5615598.467350487
15 5615598.467350487
16 5615598.467350487
17 5615598.467350487
18 5615598.467350487
19 5615598.467350487
20 5615598.467350487
21 5615598.467350487
22 5615598.467350487
23 5615598.467350487
24 5615598.467350487
25 5615598.467350487
26 5615598.467350487
27 5615598.467350487
28 5615598.467350487
29 5615598.467350487
30 5615598.467350487
31 5615598.467350487
32 5615598.467350487
33 5615598.467350487
34 5615598.467350487
35 5615598.467350487
36 5615598.467350487
37 5615598.467350487
38 5615598.467350487
39 5615598.467350487
40 5615598.467350487
41 5615598.467350487
42 5615598.467350487
43 5615598.467350487
44 5615598.467350487
45 5615598.467350487
46 5615598.467350487
47 5615598.467350487
48 5615598.467350487
49 5615598.467350487
50 5615598.467350487
51 5615598.467350487
52 5615598.467350487
53 5615598.467350487
54 5615598.467350487
55 5615598.467350487
56 5615598.467350487
57 5615598.467350487
58 5615598.467350487
59 5615598.467350487
60 5615598.467350487
61 5615598.467350487
62 5615598.467350487
63 5615598.467350487
64 5615598.467350487
65 5615598.467350487
66 5615598.467350487
67 5615598.467350487
68 5615598.467350487
69 5615598.467350487
70 5615598.467350487
71 5615598.467350487
72 5615598.467350487
73 5615598.467350487
74 5615598.467350487
75 5615598.467350487
76 5615598.467350487
77 5615598.467350487
78 5615598.467350487
79 5615598.467350487
80 5615598.467350487
81 5615598.467350487
82 5615598.467350487
83 5615598.467350487
84 5615598.467350487
85 5615598.467350487
86 5615598.467350487
87 5615598.467350487
88 5615598.467350487
89 5615598.467350487
90 5615598.467350487
91 5615598.467350487
92 5615598.467350487
93 5615598.467350487
94 5615598.467350487
95 5615598.467350487
96 5615598.467350487
97 5615598.467350487
98 5615598.467350487
99 5615598.467350487
100 5615598.467350487
