1 414306.2324652844 16678.69904578709
2 414306.2324652844 16678.69904578709
3 411215.2560593344 16328.202794152343
4 411215.2560593344 16328.202794152343
5 411215.2560593344 15674.958120494617
6 411215.2560593344 15674.958120494617
7 411215.2560593344 15674.958120494617
8 411215.2560593344 15674.958120494617
9 411215.2560593344 15674.958120494617
10 411215.2560593344 15674.958120494617
11 411215.2560593344 15674.958120494617
12 403009.7754443262 15674.958120494617
13 403009.7754443262 15674.958120494617
14 403009.7754443262 15674.958120494617
15 403009.7754443262 15674.958120494617
16 403009.7754443262 15603.975879276413
17 403009.7754443262 15603.975879276413
18 403009.7754443262 15603.975879276413
19 403009.7754443262 15437.958221174633
20 403009.7754443262 15437.958221174633
21 403009.7754443262 15437.958221174633
22 403009.7754443262 15437.958221174633
23 403009.7754443262 15009.526530362733
24 403009.7754443262 15009.526530362733
25 403009.7754443262 15009.526530362733
26 403009.7754443262 15009.526530362733
27 403009.7754443262 15009.526530362733
28 403009.7754443262 15009.526530362733
29 403009.7754443262 15009.526530362733
30 403009.7754443262 15009.526530362733
31 403009.7754443262 15009.526530362733
32 403009.7754443262 14502.07939280685
33 403009.7754443262 14502.07939280685
34 403009.7754443262 14502.07939280685
35 403009.7754443262 14502.07939280685
36 403009.7754443262 14502.07939280685
37 403009.7754443262 14502.07939280685
38 403009.7754443262 14502.07939280685
39 403009.7754443262 14502.07939280685
40 403009.7754443262 14502.07939280685
41 403009.7754443262 14502.07939280685
42 403009.7754443262 14502.07939280685
43 403009.7754443262 14502.07939280685
44 403009.7754443262 14502.07939280685
45 403009.7754443262 14502.07939280685
46 403009.7754443262 14502.07939280685
47 403009.7754443262 14502.07939280685
48 403009.7754443262 14502.07939280685
49 403009.7754443262 14502.07939280685
50 403009.7754443262 14502.07939280685
51 403009.7754443262 14502.07939280685
52 403009.7754443262 14502.07939280685
53 403009.7754443262 14502.07939280685
54 403009.7754443262 14502.07939280685
55 399254.49244620017 14502.07939280685
56 399254.49244620017 14502.07939280685
57 399254.49244620017 14502.07939280685
58 399254.49244620017 14502.07939280685
59 399254.49244620017 14502.07939280685
60 399254.49244620017 14502.07939280685
61 399254.49244620017 14502.07939280685
62 399254.49244620017 14502.07939280685
63 399254.49244620017 14502.07939280685
64 399254.49244620017 14502.07939280685
65 399254.49244620017 14502.07939280685
66 393267.0494292692 14502.07939280685
67 393267.0494292692 14502.07939280685
68 393267.0494292692 14502.07939280685
69 393267.0494292692 14502.07939280685
70 393267.0494292692 14502.07939280685
71 393267.0494292692 14502.07939280685
72 393267.0494292692 14502.07939280685
73 393267.0494292692 14460.22746909632
74 393267.0494292692 14460.22746909632
75 393267.0494292692 14460.22746909632
76 393267.0494292692 14460.22746909632
77 393267.0494292692 14460.22746909632
78 393267.0494292692 14460.22746909632
79 393267.0494292692 14460.22746909632
80 393267.0494292692 14460.22746909632
81 393267.0494292692 14460.22746909632
82 393267.0494292692 14460.22746909632
83 393267.0494292692 14460.22746909632
84 393267.0494292692 14460.22746909632
85 393267.0494292692 14460.22746909632
86 393267.0494292692 14460.22746909632
87 393267.0494292692 14460.22746909632
88 393267.0494292692 14460.22746909632
89 393267.0494292692 14460.22746909632
90 393267.0494292692 14460.22746909632
91 393267.0494292692 14460.22746909632
92 393267.0494292692 14460.22746909632
93 393267.0494292692 14460.22746909632
94 393267.0494292692 14460.22746909632
95 393267.0494292692 14460.22746909632
96 393267.0494292692 14460.22746909632
97 393267.0494292692 14460.22746909632
98 393267.0494292692 14460.22746909632
99 393267.0494292692 14460.22746909632
100 393267.0494292692 14460.22746909632
