1 24160.663284573086 2970.0450650380963 559760.8154340296
2 23129.877575305552 2970.0450650380963 559760.8154340296
3 23129.877575305552 2970.0450650380963 551803.9033825308
4 23129.877575305552 2970.0450650380963 549069.093742389
5 23129.877575305552 2970.0450650380963 549069.093742389
6 23129.877575305552 2970.0450650380963 538814.2294547457
7 23129.877575305552 2932.0746067020573 538814.2294547457
8 23129.877575305552 2932.0746067020573 538814.2294547457
9 22749.424262594628 2932.0746067020573 538814.2294547457
10 22749.424262594628 2902.097226950367 538814.2294547457
11 22749.424262594628 2883.588162675464 538814.2294547457
12 22749.424262594628 2883.588162675464 538814.2294547457
13 22749.424262594628 2883.588162675464 538814.2294547457
14 22749.424262594628 2883.588162675464 538814.2294547457
15 22749.424262594628 2883.588162675464 538814.2294547457
16 22749.424262594628 2883.588162675464 538814.2294547457
17 22749.424262594628 2883.588162675464 538814.2294547457
18 22749.424262594628 2883.588162675464 538814.2294547457
19 22749.424262594628 2883.588162675464 538814.2294547457
20 22744.483117788557 2883.588162675464 538814.2294547457
21 22744.483117788557 2883.588162675464 538814.2294547457
22 22744.483117788557 2883.588162675464 538814.2294547457
23 22744.483117788557 2883.588162675464 538814.2294547457
24 22744.483117788557 2883.588162675464 538814.2294547457
25 22553.70932715979 2865.769780237398 538814.2294547457
26 22553.70932715979 2865.769780237398 538814.2294547457
27 22553.70932715979 2865.769780237398 538814.2294547457
28 22553.70932715979 2865.769780237398 538814.2294547457
29 22420.944342810846 2865.769780237398 538814.2294547457
30 22420.944342810846 2865.769780237398 538814.2294547457
31 22420.944342810846 2865.769780237398 538814.2294547457
32 22420.944342810846 2865.769780237398 538814.2294547457
33 22420.944342810846 2865.769780237398 538814.2294547457
34 22420.944342810846 2865.769780237398 538814.2294547457
35 22420.944342810846 2865.769780237398 538814.2294547457
36 22420.944342810846 2851.2813951431185 538814.2294547457
37 22420.944342810846 2851.2813951431185 538814.2294547457
38 22420.944342810846 2726.1351267436194 538814.2294547457
39 22420.944342810846 2726.1351267436194 538814.2294547457
40 22420.944342810846 2726.1351267436194 538814.2294547457
41 22420.944342810846 2726.1351267436194 538814.2294547457
42 22420.944342810846 2726.1351267436194 538814.2294547457
43 22420.944342810846 2726.1351267436194 538814.2294547457
44 22420.944342810846 2726.1351267436194 538814.2294547457
45 22420.944342810846 2726.1351267436194 538814.2294547457
46 22420.944342810846 2726.1351267436194 538814.2294547457
47 22420.944342810846 2726.1351267436194 538814.2294547457
48 21695.2343075326 2726.1351267436194 538814.2294547457
49 21695.2343075326 2726.1351267436194 538814.2294547457
50 21695.2343075326 2726.1351267436194 538814.2294547457
51 21695.2343075326 2726.1351267436194 532847.2731740248
52 21695.2343075326 2726.1351267436194 532847.2731740248
53 21695.2343075326 2726.1351267436194 532847.2731740248
54 21695.2343075326 2726.1351267436194 532847.2731740248
55 21695.2343075326 2726.1351267436194 532847.2731740248
56 21695.2343075326 2726.1351267436194 532847.2731740248
57 21695.2343075326 2726.1351267436194 532847.2731740248
58 21695.2343075326 2726.1351267436194 532847.2731740248
59 21695.2343075326 2726.1351267436194 532847.2731740248
60 21695.2343075326 2726.1351267436194 532847.2731740248
61 21695.2343075326 2726.1351267436194 532847.2731740248
62 21695.2343075326 2726.1351267436194 532847.2731740248
63 21695.2343075326 2726.1351267436194 532847.2731740248
64 21695.2343075326 2726.1351267436194 532847.2731740248
65 21695.2343075326 2726.1351267436194 532847.2731740248
66 21695.2343075326 2726.1351267436194 532847.2731740248
67 21695.2343075326 2726.1351267436194 532847.2731740248
68 21695.2343075326 2726.1351267436194 532847.2731740248
69 21695.2343075326 2726.1351267436194 532847.2731740248
70 21695.2343075326 2726.1351267436194 532847.2731740248
71 21695.2343075326 2679.540255802813 532847.2731740248
72 21695.2343075326 2679.540255802813 532847.2731740248
73 21695.2343075326 2679.540255802813 532847.2731740248
74 21695.2343075326 2679.540255802813 532847.2731740248
75 21695.2343075326 2679.540255802813 532847.2731740248
76 21695.2343075326 2679.540255802813 532847.2731740248
77 21695.2343075326 2679.540255802813 532847.2731740248
78 21695.2343075326 2679.540255802813 532847.2731740248
79 21695.2343075326 2679.540255802813 532847.2731740248
80 21695.2343075326 2679.540255802813 532847.2731740248
81 21695.2343075326 2679.540255802813 532847.2731740248
82 21695.2343075326 2679.540255802813 532847.2731740248
83 21695.2343075326 2679.540255802813 532847.2731740248
84 21695.2343075326 2679.540255802813 532847.2731740248
85 21695.2343075326 2679.540255802813 532847.2731740248
86 21695.2343075326 2679.540255802813 532847.2731740248
87 21695.2343075326 2679.540255802813 532847.2731740248
88 21695.2343075326 2679.540255802813 532847.2731740248
89 21695.2343075326 2679.540255802813 532847.2731740248
90 21695.2343075326 2679.540255802813 532847.2731740248
91 21695.2343075326 2679.540255802813 532847.2731740248
92 21695.2343075326 2679.540255802813 520313.5063664525
93 21695.2343075326 2679.540255802813 520313.5063664525
94 21695.2343075326 2679.540255802813 520313.5063664525
95 21695.2343075326 2679.540255802813 520313.5063664525
96 21695.2343075326 2679.540255802813 520313.5063664525
97 21695.2343075326 2679.540255802813 520313.5063664525
98 21695.2343075326 2679.540255802813 520313.5063664525
99 21695.2343075326 2679.540255802813 520313.5063664525
100 21695.2343075326 2679.540255802813 520313.5063664525
